name : Antonello 
defaultspeed : 1.900000 
scale : 0.750000,0.750000,1.000000 
position : 0.398362,0.000000,-0.000000 
positionoffset : 0.000000,-0.900000,-4.800000 
animationspeed : 0.050000 
jumpspeed : 1.000000 
jumpvector : 0.020000,0.250000,0.000000 
