name : antonello 
animationspeed : 0.050000 
defaultspeed : 2.150000 
jumpspeed : 0.450000 
jumpvector : 0.200000,1.100000,0.000000 
scale : 1.000000,1.000000,1.000000 
positionoffset : 0.000000,-0.700000,0.000000 
