name : Antonello 
animationspeed : 0.050000 
defaultspeed : 0.100000 
jumpspeed : 1.000000 
jumpvector : 0.250000,1.000000,0.000000 
scale : 1.000000,1.000000,1.000000 
positionoffset : 0.000000,-0.700000,-7.800000 
