name : background1 
defaultspeed : 1.900000 
scale : 7.100000,3.350000,1.700000 
position : -1.881727,0.000000,-0.000001 
positionoffset : -1.700000,-1.600000,-7.100000 
